function [G amplitudeUnit coherencePathway delays durations rephaseAreas rfOffsets rfPulses phaseShifts] = SP2_MARSS_SLASERSiemens()

amplitudeUnit = 'rad';

coherencePathway = [-1     1    -1     1    -1];

delays = [0.000800000000000   0.000800000000000   0.000800000000000   0.002200000000000   0.000968000000000];

durations = [0.0018    0.0035    0.0035    0.0035    0.0035];


rephaseAreas = [-0.0020         0         0
         0         0         0
         0         0         0
         0         0         0
         0         0         0];

rfOffsets = [0     0     0     0     0];

phaseShifts = [0 0 0 0 0 0];

G{1} = [5     0     0];
 
G{2} = [ 0   23.1400         0
         0   23.1366         0
         0   23.1265         0
         0   23.1098         0
         0   23.0863         0
         0   23.0562         0
         0   23.0195         0
         0   22.9761         0
         0   22.9261         0
         0   22.8696         0
         0   22.8067         0
         0   22.7372         0
         0   22.6613         0
         0   22.5792         0
         0   22.4908         0
         0   22.3962         0
         0   22.2955         0
         0   22.1888         0
         0   22.0760         0
         0   21.9575         0
         0   21.8332         0
         0   21.7031         0
         0   21.5676         0
         0   21.4266         0
         0   21.2803         0
         0   21.1286         0
         0   20.9719         0
         0   20.8102         0
         0   20.6436         0
         0   20.4723         0
         0   20.2964         0
         0   20.1160         0
         0   19.9313         0
         0   19.7423         0
         0   19.5493         0
         0   19.3524         0
         0   19.1519         0
         0   18.9477         0
         0   18.7400         0
         0   18.5290         0
         0   18.3149         0
         0   18.0978         0
         0   17.8779         0
         0   17.6554         0
         0   17.4303         0
         0   17.2030         0
         0   16.9735         0
         0   16.7419         0
         0   16.5085         0
         0   16.2734         0
         0   16.0369         0
         0   15.7990         0
         0   15.5598         0
         0   15.3197         0
         0   15.0787         0
         0   14.8371         0
         0   14.5949         0
         0   14.3523         0
         0   14.1095         0
         0   13.8668         0
         0   13.6240         0
         0   13.3815         0
         0   13.1395         0
         0   12.8980         0
         0   12.6572         0
         0   12.4173         0
         0   12.1783         0
         0   11.9406         0
         0   11.7041         0
         0   11.4690         0
         0   11.2354         0
         0   11.0036         0
         0   10.7736         0
         0   10.5454         0
         0   10.3193         0
         0   10.0954         0
         0    9.8738         0
         0    9.6545         0
         0    9.4377         0
         0    9.2236         0
         0    9.0121         0
         0    8.8034         0
         0    8.5975         0
         0    8.3947         0
         0    8.1949         0
         0    7.9981         0
         0    7.8046         0
         0    7.6144         0
         0    7.4275         0
         0    7.2439         0
         0    7.0638         0
         0    6.8872         0
         0    6.7141         0
         0    6.5446         0
         0    6.3787         0
         0    6.2165         0
         0    6.0580         0
         0    5.9032         0
         0    5.7521         0
         0    5.6048         0
         0    5.4612         0
         0    5.3214         0
         0    5.1853         0
         0    5.0531         0
         0    4.9246         0
         0    4.7999         0
         0    4.6789         0
         0    4.5617         0
         0    4.4482         0
         0    4.3383         0
         0    4.2322         0
         0    4.1296         0
         0    4.0307         0
         0    3.9354         0
         0    3.8436         0
         0    3.7552         0
         0    3.6703         0
         0    3.5888         0
         0    3.5107         0
         0    3.4358         0
         0    3.3641         0
         0    3.2956         0
         0    3.2302         0
         0    3.1679         0
         0    3.1085         0
         0    3.0521         0
         0    2.9984         0
         0    2.9476         0
         0    2.8994         0
         0    2.8539         0
         0    2.8109         0
         0    2.7704         0
         0    2.7323         0
         0    2.6965         0
         0    2.6629         0
         0    2.6315         0
         0    2.6021         0
         0    2.5748         0
         0    2.5493         0
         0    2.5257         0
         0    2.5039         0
         0    2.4837         0
         0    2.4652         0
         0    2.4481         0
         0    2.4325         0
         0    2.4183         0
         0    2.4054         0
         0    2.3937         0
         0    2.3831         0
         0    2.3736         0
         0    2.3651         0
         0    2.3575         0
         0    2.3508         0
         0    2.3449         0
         0    2.3397         0
         0    2.3352         0
         0    2.3313         0
         0    2.3279         0
         0    2.3251         0
         0    2.3227         0
         0    2.3208         0
         0    2.3191         0
         0    2.3178         0
         0    2.3168         0
         0    2.3160         0
         0    2.3153         0
         0    2.3149         0
         0    2.3145         0
         0    2.3143         0
         0    2.3142         0
         0    2.3141         0
         0    2.3140         0
         0    2.3140         0
         0    2.3140         0
         0    2.3140         0
         0    2.3140         0
         0    2.3140         0
         0    2.3140         0
         0    2.3140         0
         0    2.3140         0
         0    2.3141         0
         0    2.3142         0
         0    2.3143         0
         0    2.3145         0
         0    2.3149         0
         0    2.3153         0
         0    2.3160         0
         0    2.3168         0
         0    2.3178         0
         0    2.3191         0
         0    2.3208         0
         0    2.3227         0
         0    2.3251         0
         0    2.3279         0
         0    2.3313         0
         0    2.3352         0
         0    2.3397         0
         0    2.3449         0
         0    2.3508         0
         0    2.3575         0
         0    2.3651         0
         0    2.3736         0
         0    2.3831         0
         0    2.3937         0
         0    2.4054         0
         0    2.4183         0
         0    2.4325         0
         0    2.4481         0
         0    2.4652         0
         0    2.4837         0
         0    2.5039         0
         0    2.5257         0
         0    2.5493         0
         0    2.5748         0
         0    2.6021         0
         0    2.6315         0
         0    2.6629         0
         0    2.6965         0
         0    2.7323         0
         0    2.7704         0
         0    2.8109         0
         0    2.8539         0
         0    2.8994         0
         0    2.9476         0
         0    2.9984         0
         0    3.0521         0
         0    3.1085         0
         0    3.1679         0
