function [G amplitudeUnit coherencePathway delays durations rephaseAreas rfOffsets rfPulses phaseShifts] = SP2_MARSS_PRESSPhilipsTE30ms()

G = [2.6740         0         0
         0    1.5940         0
         0         0    1.5940];

amplitudeUnit = 'Hz';

coherencePathway = [-1     1    -1];

delays = [0.0053    0.0081    0.0017];

durations = [0.0071    0.0069    0.0069];

rephaseAreas = [-0.0029         0         0
         0         0         0
         0         0         0];

rfOffsets = [323.2318  323.2318  323.2318];

phaseShifts = [0         0         0    6.0548];

rfPulses{1} = [4.9815
    4.0425
    3.9152
    3.0399
    2.0213
    0.5889
   -1.0345
   -2.8648
   -4.7746
   -6.6527
   -8.4193
   -9.9313
  -11.0931
  -11.7775
  -11.9525
  -11.4910
  -10.4406
   -8.7535
   -6.5094
   -3.7401
   -0.6207
    2.7693
    6.2070
    9.5811
   12.6051
   15.2152
   17.1251
   18.2869
   18.5256
   17.8254
   16.1224
   13.5282
   10.0427
    5.8887
    1.1777
   -3.7720
   -8.8172
  -13.5759
  -17.8731
  -21.3745
  -23.9369
  -25.2897
  -25.3852
  -24.0961
  -21.4859
  -17.5707
  -12.5892
   -6.6845
   -0.1910
    6.6208
   13.3213
   19.6397
   25.1147
   29.5232
   32.4994
   33.9159
   33.5180
   31.4013
   27.4701
   21.9952
   15.1197
    7.2256
   -1.3528
  -10.1223
  -18.7007
  -26.5152
  -33.2316
  -38.3404
  -41.6349
  -42.7490
  -41.6827
  -38.3086
  -32.8177
  -25.3534
  -16.3452
   -6.1275
    4.6951
   15.6608
   26.0855
   35.5075
   43.2742
   49.0356
   52.3301
   52.9986
   50.8182
   45.9480
   38.4518
   28.7593
   17.2046
    4.4882
   -8.8808
  -22.0907
  -34.5525
  -45.4706
  -54.3196
  -60.4789
  -63.6620
  -63.4710
  -59.9696
  -53.1418
  -43.3538
  -30.9556
  -16.6158
   -0.9549
   15.1356
   30.9238
   45.4706
   58.0756
   67.8955
   74.4845
   77.2538
   76.0761
   70.8080
   61.7362
   49.0993
   33.5976
   15.8518
   -3.1513
  -22.5841
  -41.3166
  -58.4735
  -72.9725
  -84.1134
  -91.0844
  -93.5194
  -91.0366
  -83.7314
  -71.7311
  -55.6247
  -36.0008
  -13.8783
    9.8199
   33.8045
   56.9775
   78.0337
   95.9386
  109.5463
  118.1566
  121.0214
  117.9179
  108.6869
   93.7263
   73.4341
   48.7969
   20.7697
   -9.2787
  -40.0116
  -69.8054
  -97.2118
 -120.6076
 -138.6876
 -150.0831
 -153.8869
 -149.2396
 -135.8706
 -113.6048
  -82.8242
  -44.0382
    1.7507
   53.4761
  109.6418
  168.7679
  228.9762
  288.4683
  345.1116
  396.9324
  441.8300
  478.0537
  503.9960
  518.6700
  521.5030
  512.7336
  492.9984
  463.6820
  426.3443
  382.9905
  335.4986
  285.8900
  235.8517
  187.0230
  140.6452
   97.8485
   59.3648
   25.8627
   -2.4351
  -25.3056
  -42.9082
  -55.4178
  -63.2800
  -66.9565
  -67.0838
  -64.2827
  -59.2216
  -52.5689
  -44.9135
  -36.9080
  -28.8389
  -21.4700
  -14.3717
   -9.5175];
 
rfPulses{2} = [
   22.8639
   25.5486
   33.2518
   39.6916
   47.4826
   55.1682
   63.5207
   71.9257
   80.6818
   89.4378
   98.3518
  107.1604
  115.9691
  124.5496
  132.9723
  141.1317
  149.0455
  156.6258
  163.9781
  170.9794
  177.8228
  184.4380
  191.0182
  197.5107
  204.1435
  210.9167
  218.0584
  225.5861
  233.7982
  242.7823
  252.5736
  263.4177
  275.3849
  288.5804
  302.9866
  318.7264
  335.8524
  354.0839
  373.5612
  393.8808
  415.1128
  436.5203
  458.1209
  479.2652
  499.6023
  518.5708
  535.5389
  550.1030
  561.5613
  569.8786
  572.2475
  571.8439
  568.4573
  559.8592
  546.4357
  528.8534
  507.3757
  482.3535
  454.6641
  424.4304
  392.3366
  358.9971
  325.1135
  291.0896
  257.5219
  224.8140
  193.5977
  164.1886
  137.0958
  112.6176
   91.1223
   72.9786
   58.4846
   47.8686
   41.3235
   39.0249
   41.0954
   47.6230
   58.6426
   74.0314
   93.7018
  117.4781
  145.1149
  176.1909
  210.3903
  247.2042
  285.9132
  325.8680
  366.2967
  406.2691
  444.7850
  480.4233
  512.2714
  539.3466
  560.2979
  573.8794
  574.9673
  574.2654
  568.7907
  550.5417
  524.5017
  490.8288
  450.7686
  405.0934
  354.5225
  300.1790
  243.0806
  183.6660
  122.9002
   61.3273
   -0.4387
  -61.9239
 -122.5142
 -181.8411
 -239.1500
 -294.0200
 -345.9420
 -393.8457
 -437.7135
 -476.3173
 -509.4112
 -536.5566
 -556.6832
 -571.9843
 -574.4058
 -574.3005
 -572.0019
 -563.2809
 -547.5236
 -528.4498
 -505.9544
 -481.6867
 -455.7345
 -429.6770
 -403.7423
 -378.5621
 -354.6805
 -332.5886
 -312.4445
 -294.4937
 -278.7715
 -265.3655
 -254.1880
 -245.0985
 -237.9393
 -232.5172
 -228.6919
 -225.9721
 -224.3754
 -223.2874
 -222.7084
 -222.1995
 -221.6029
 -220.4974
 -218.8305
 -216.3563
 -212.9346
 -208.3724
 -202.6695
 -195.7209
 -187.5965
 -178.1737
 -167.6805
 -156.0643
 -143.5357
 -130.0594
 -116.0217
 -101.4225
  -86.5074
  -71.3993
  -56.3439
  -41.4288
  -26.9173
  -12.9147
    0.3685
   12.9147
   24.4432
   34.9715
   44.3065
   52.5186
   59.4146
   65.0999
   69.3990
   72.6101
   74.4525
   75.2246
   74.7508
   73.4348
   71.0484
   67.9952
   64.0997
   59.8007
   54.8699
   49.8163
   44.2714
   39.0249
   33.2518
   28.4615
   22.2673
   20.3196];
 
rfPulses{3} = [
   22.8639
   25.5486
   33.2518
   39.6916
   47.4826
   55.1682
   63.5207
   71.9257
   80.6818
   89.4378
   98.3518
  107.1604
  115.9691
  124.5496
  132.9723
  141.1317
  149.0455
  156.6258
  163.9781
  170.9794
  177.8228
  184.4380
  191.0182
  197.5107
  204.1435
  210.9167
  218.0584
  225.5861
  233.7982
  242.7823
  252.5736
  263.4177
  275.3849
  288.5804
  302.9866
  318.7264
  335.8524
  354.0839
  373.5612
  393.8808
  415.1128
  436.5203
  458.1209
  479.2652
  499.6023
  518.5708
  535.5389
  550.1030
  561.5613
  569.8786
  572.2475
  571.8439
  568.4573
  559.8592
  546.4357
  528.8534
  507.3757
  482.3535
  454.6641
  424.4304
  392.3366
  358.9971
  325.1135
  291.0896
  257.5219
  224.8140
  193.5977
  164.1886
  137.0958
  112.6176
   91.1223
   72.9786
   58.4846
   47.8686
   41.3235
   39.0249
   41.0954
   47.6230
   58.6426
   74.0314
   93.7018
  117.4781
  145.1149
  176.1909
  210.3903
  247.2042
  285.9132
  325.8680
  366.2967
  406.2691
  444.7850
  480.4233
  512.2714
  539.3466
  560.2979
  573.8794
  574.9673
  574.2654
  568.7907
  550.5417
  524.5017
  490.8288
  450.7686
  405.0934
  354.5225
  300.1790
  243.0806
  183.6660
  122.9002
   61.3273
   -0.4387
  -61.9239
 -122.5142
 -181.8411
 -239.1500
 -294.0200
 -345.9420
 -393.8457
 -437.7135
 -476.3173
 -509.4112
 -536.5566
 -556.6832
 -571.9843
 -574.4058
 -574.3005
 -572.0019
 -563.2809
 -547.5236
 -528.4498
 -505.9544
 -481.6867
 -455.7345
 -429.6770
 -403.7423
 -378.5621
 -354.6805
 -332.5886
 -312.4445
 -294.4937
 -278.7715
 -265.3655
 -254.1880
 -245.0985
 -237.9393
 -232.5172
 -228.6919
 -225.9721
 -224.3754
 -223.2874
 -222.7084
 -222.1995
 -221.6029
 -220.4974
 -218.8305
 -216.3563
 -212.9346
 -208.3724
 -202.6695
 -195.7209
 -187.5965
 -178.1737
 -167.6805
 -156.0643
 -143.5357
 -130.0594
 -116.0217
 -101.4225
  -86.5074
  -71.3993
  -56.3439
  -41.4288
  -26.9173
  -12.9147
    0.3685
   12.9147
   24.4432
   34.9715
   44.3065
   52.5186
   59.4146
   65.0999
   69.3990
   72.6101
   74.4525
   75.2246
   74.7508
   73.4348
   71.0484
   67.9952
   64.0997
   59.8007
   54.8699
   49.8163
   44.2714
   39.0249
   33.2518
   28.4615
   22.2673
   20.3196];
end
