function [G amplitudeUnit coherencePathway delays durations rephaseAreas rfOffsets rfPulses phaseShifts] = SP2_MARSS_STEAMPhilipsTE20msTM16ms()

G = [2.6740         0         0
         0    2.6740         0
         0         0    2.6740];

amplitudeUnit = 'Hz';

coherencePathway = [1     0    -1];

phaseShifts = [0         0         0    5.3880];

delays = [0.0079    0.0039    0.0089];

durations = [0.0071    0.0071    0.0071];

rephaseAreas = [-0.0029   -0.0029         0
         0         0         0
         0         0   -0.0029];

rfOffsets = [337.9558  337.9558  337.9558];
 
rfPulses{1} = [
    4.9815
    4.0425
    3.9152
    3.0399
    2.0213
    0.5889
   -1.0345
   -2.8648
   -4.7746
   -6.6527
   -8.4193
   -9.9313
  -11.0931
  -11.7775
  -11.9525
  -11.4910
  -10.4406
   -8.7535
   -6.5094
   -3.7401
   -0.6207
    2.7693
    6.2070
    9.5811
   12.6051
   15.2152
   17.1251
   18.2869
   18.5256
   17.8254
   16.1224
   13.5282
   10.0427
    5.8887
    1.1777
   -3.7720
   -8.8172
  -13.5759
  -17.8731
  -21.3745
  -23.9369
  -25.2897
  -25.3852
  -24.0961
  -21.4859
  -17.5707
  -12.5892
   -6.6845
   -0.1910
    6.6208
   13.3213
   19.6397
   25.1147
   29.5232
   32.4994
   33.9159
   33.5180
   31.4013
   27.4701
   21.9952
   15.1197
    7.2256
   -1.3528
  -10.1223
  -18.7007
  -26.5152
  -33.2316
  -38.3404
  -41.6349
  -42.7490
  -41.6827
  -38.3086
  -32.8177
  -25.3534
  -16.3452
   -6.1275
    4.6951
   15.6608
   26.0855
   35.5075
   43.2742
   49.0356
   52.3301
   52.9986
   50.8182
   45.9480
   38.4518
   28.7593
   17.2046
    4.4882
   -8.8808
  -22.0907
  -34.5525
  -45.4706
  -54.3196
  -60.4789
  -63.6620
  -63.4710
  -59.9696
  -53.1418
  -43.3538
  -30.9556
  -16.6158
   -0.9549
   15.1356
   30.9238
   45.4706
   58.0756
   67.8955
   74.4845
   77.2538
   76.0761
   70.8080
   61.7362
   49.0993
   33.5976
   15.8518
   -3.1513
  -22.5841
  -41.3166
  -58.4735
  -72.9725
  -84.1134
  -91.0844
  -93.5194
  -91.0366
  -83.7314
  -71.7311
  -55.6247
  -36.0008
  -13.8783
    9.8199
   33.8045
   56.9775
   78.0337
   95.9386
  109.5463
  118.1566
  121.0214
  117.9179
  108.6869
   93.7263
   73.4341
   48.7969
   20.7697
   -9.2787
  -40.0116
  -69.8054
  -97.2118
 -120.6076
 -138.6876
 -150.0831
 -153.8869
 -149.2396
 -135.8706
 -113.6048
  -82.8242
  -44.0382
    1.7507
   53.4761
  109.6418
  168.7679
  228.9762
  288.4683
  345.1116
  396.9324
  441.8300
  478.0537
  503.9960
  518.6700
  521.5030
  512.7336
  492.9984
  463.6820
  426.3443
  382.9905
  335.4986
  285.8900
  235.8517
  187.0230
  140.6452
   97.8485
   59.3648
   25.8627
   -2.4351
  -25.3056
  -42.9082
  -55.4178
  -63.2800
  -66.9565
  -67.0838
  -64.2827
  -59.2216
  -52.5689
  -44.9135
  -36.9080
  -28.8389
  -21.4700
  -14.3717
   -9.5175];
 
rfPulses{2} = [
   -9.5175
  -14.3717
  -21.4700
  -28.8389
  -36.9080
  -44.9135
  -52.5689
  -59.2216
  -64.2827
  -67.0838
  -66.9565
  -63.2800
  -55.4178
  -42.9082
  -25.3056
   -2.4351
   25.8627
   59.3648
   97.8485
  140.6452
  187.0230
  235.8517
  285.8900
  335.4986
  382.9905
  426.3443
  463.6820
  492.9984
  512.7336
  521.5030
  518.6700
  503.9960
  478.0537
  441.8300
  396.9324
  345.1116
  288.4683
  228.9762
  168.7679
  109.6418
   53.4761
    1.7507
  -44.0382
  -82.8242
 -113.6048
 -135.8706
 -149.2396
 -153.8869
 -150.0831
 -138.6876
 -120.6076
  -97.2118
  -69.8054
  -40.0116
   -9.2787
   20.7697
   48.7969
   73.4341
   93.7263
  108.6869
  117.9179
  121.0214
  118.1566
  109.5463
   95.9386
   78.0337
   56.9775
   33.8045
    9.8199
  -13.8783
  -36.0008
  -55.6247
  -71.7311
  -83.7314
  -91.0366
  -93.5194
  -91.0844
  -84.1134
  -72.9725
  -58.4735
  -41.3166
  -22.5841
   -3.1513
   15.8518
   33.5976
   49.0993
   61.7362
   70.8080
   76.0761
   77.2538
   74.4845
   67.8955
   58.0756
   45.4706
   30.9238
   15.1356
   -0.9549
  -16.6158
  -30.9556
  -43.3538
  -53.1418
  -59.9696
  -63.4710
  -63.6620
  -60.4789
  -54.3196
  -45.4706
  -34.5525
  -22.0907
   -8.8808
    4.4882
   17.2046
   28.7593
   38.4518
   45.9480
   50.8182
   52.9986
   52.3301
   49.0356
   43.2742
   35.5075
   26.0855
   15.6608
    4.6951
   -6.1275
  -16.3452
  -25.3534
  -32.8177
  -38.3086
  -41.6827
  -42.7490
  -41.6349
  -38.3404
  -33.2316
  -26.5152
  -18.7007
  -10.1223
   -1.3528
    7.2256
   15.1197
   21.9952
   27.4701
   31.4013
   33.5180
   33.9159
   32.4994
   29.5232
   25.1147
   19.6397
   13.3213
    6.6208
   -0.1910
   -6.6845
  -12.5892
  -17.5707
  -21.4859
  -24.0961
  -25.3852
  -25.2897
  -23.9369
  -21.3745
  -17.8731
  -13.5759
   -8.8172
   -3.7720
    1.1777
    5.8887
   10.0427
   13.5282
   16.1224
   17.8254
   18.5256
   18.2869
   17.1251
   15.2152
   12.6051
    9.5811
    6.2070
    2.7693
   -0.6207
   -3.7401
   -6.5094
   -8.7535
  -10.4406
  -11.4910
  -11.9525
  -11.7775
  -11.0931
   -9.9313
   -8.4193
   -6.6527
   -4.7746
   -2.8648
   -1.0345
    0.5889
    2.0213
    3.0399
    3.9152
    4.0425
    4.9815];
 
rfPulses{3} = [ 
    4.9815
    4.0425
    3.9152
    3.0399
    2.0213
    0.5889
   -1.0345
   -2.8648
   -4.7746
   -6.6527
   -8.4193
   -9.9313
  -11.0931
  -11.7775
  -11.9525
  -11.4910
  -10.4406
   -8.7535
   -6.5094
   -3.7401
   -0.6207
    2.7693
    6.2070
    9.5811
   12.6051
   15.2152
   17.1251
   18.2869
   18.5256
   17.8254
   16.1224
   13.5282
   10.0427
    5.8887
    1.1777
   -3.7720
   -8.8172
  -13.5759
  -17.8731
  -21.3745
  -23.9369
  -25.2897
  -25.3852
  -24.0961
  -21.4859
  -17.5707
  -12.5892
   -6.6845
   -0.1910
    6.6208
   13.3213
   19.6397
   25.1147
   29.5232
   32.4994
   33.9159
   33.5180
   31.4013
   27.4701
   21.9952
   15.1197
    7.2256
   -1.3528
  -10.1223
  -18.7007
  -26.5152
  -33.2316
  -38.3404
  -41.6349
  -42.7490
  -41.6827
  -38.3086
  -32.8177
  -25.3534
  -16.3452
   -6.1275
    4.6951
   15.6608
   26.0855
   35.5075
   43.2742
   49.0356
   52.3301
   52.9986
   50.8182
   45.9480
   38.4518
   28.7593
   17.2046
    4.4882
   -8.8808
  -22.0907
  -34.5525
  -45.4706
  -54.3196
  -60.4789
  -63.6620
  -63.4710
  -59.9696
  -53.1418
  -43.3538
  -30.9556
  -16.6158
   -0.9549
   15.1356
   30.9238
   45.4706
   58.0756
   67.8955
   74.4845
   77.2538
   76.0761
   70.8080
   61.7362
   49.0993
   33.5976
   15.8518
   -3.1513
  -22.5841
  -41.3166
  -58.4735
  -72.9725
  -84.1134
  -91.0844
  -93.5194
  -91.0366
  -83.7314
  -71.7311
  -55.6247
  -36.0008
  -13.8783
    9.8199
   33.8045
   56.9775
   78.0337
   95.9386
  109.5463
  118.1566
  121.0214
  117.9179
  108.6869
   93.7263
   73.4341
   48.7969
   20.7697
   -9.2787
  -40.0116
  -69.8054
  -97.2118
 -120.6076
 -138.6876
 -150.0831
 -153.8869
 -149.2396
 -135.8706
 -113.6048
  -82.8242
  -44.0382
    1.7507
   53.4761
  109.6418
  168.7679
  228.9762
  288.4683
  345.1116
  396.9324
  441.8300
  478.0537
  503.9960
  518.6700
  521.5030
  512.7336
  492.9984
  463.6820
  426.3443
  382.9905
  335.4986
  285.8900
  235.8517
  187.0230
  140.6452
   97.8485
   59.3648
   25.8627
   -2.4351
  -25.3056
  -42.9082
  -55.4178
  -63.2800
  -66.9565
  -67.0838
  -64.2827
  -59.2216
  -52.5689
  -44.9135
  -36.9080
  -28.8389
  -21.4700
  -14.3717
   -9.5175];
end
