function [G amplitudeUnit coherencePathway delays durations rephaseAreas rfOffsets rfPulses phaseShifts] = SP2_MARSS_PRESSGETE30ms()
G = [0    2.7786         0
    1.6253         0         0
         0         0    1.6253];

amplitudeUnit = 'rad';

coherencePathway = [-1     1    -1];

delays = [0.0035    0.0098    0.0045];

durations = [0.0036    0.0052    0.0052];

rephaseAreas = [0   -0.0051         0
         0         0         0
         0         0         0];

rfOffsets = [337.9558  337.9558  337.9558];


phaseShifts = [0         0         0   -2.5500];

rfPulses{1} = 1.0e+03 * [
         0
   -0.0012  
   -0.0022
   -0.0035
   -0.0046
   -0.0059
   -0.0071
   -0.0085
   -0.0098
   -0.0112
   -0.0124
   -0.0138
   -0.0152
   -0.0166
   -0.0181
   -0.0195
   -0.0210
   -0.0224
   -0.0239
   -0.0253
   -0.0268
   -0.0283
   -0.0299
   -0.0314
   -0.0328
   -0.0340
   -0.0354
   -0.0367
   -0.0381
   -0.0391
   -0.0403
   -0.0413
   -0.0423
   -0.0432
   -0.0439
   -0.0446
   -0.0450
   -0.0453
   -0.0455
   -0.0455
   -0.0454
   -0.0451
   -0.0446
   -0.0438
   -0.0429
   -0.0417
   -0.0402
   -0.0386
   -0.0367
   -0.0346
   -0.0322
   -0.0295
   -0.0266
   -0.0233
   -0.0199
   -0.0161
   -0.0121
   -0.0078
   -0.0033
    0.0016
    0.0067
    0.0120
    0.0177
    0.0233
    0.0295
    0.0355
    0.0420
    0.0486
    0.0553
    0.0621
    0.0691
    0.0763
    0.0834
    0.0905
    0.0976
    0.1048
    0.1119
    0.1188
    0.1258
    0.1325
    0.1390
    0.1454
    0.1516
    0.1573
    0.1627
    0.1678
    0.1726
    0.1769
    0.1807
    0.1840
    0.1868
    0.1889
    0.1905
    0.1914
    0.1916
    0.1911
    0.1899
    0.1878
    0.1850
    0.1814
    0.1770
    0.1717
    0.1654
    0.1584
    0.1504
    0.1416
    0.1317
    0.1209
    0.1093
    0.0969
    0.0834
    0.0691
    0.0539
    0.0380
    0.0211
    0.0035
   -0.0149
   -0.0339
   -0.0538
   -0.0741
   -0.0951
   -0.1166
   -0.1387
   -0.1610
   -0.1838
   -0.2067
   -0.2300
   -0.2533
   -0.2768
   -0.3001
   -0.3234
   -0.3462
   -0.3691
   -0.3913
   -0.4131
   -0.4345
   -0.4550
   -0.4748
   -0.4938
   -0.5115
   -0.5284
   -0.5440
   -0.5582
   -0.5711
   -0.5825
   -0.5924
   -0.6003
   -0.6065
   -0.6110
   -0.6132
   -0.6134
   -0.6115
   -0.6072
   -0.6007
   -0.5918
   -0.5803
   -0.5662
   -0.5496
   -0.5302
   -0.5082
   -0.4833
   -0.4558
   -0.4251
   -0.3919
   -0.3555
   -0.3163
   -0.2741
   -0.2290
   -0.1811
   -0.1303
   -0.0765
   -0.0200
    0.0395
    0.1017
    0.1667
    0.2342
    0.3043
    0.3770
    0.4522
    0.5296
    0.6093
    0.6912
    0.7751
    0.8609
    0.9486
    1.0378
    1.1286
    1.2207
    1.3141
    1.4084
    1.5037
    1.5996
    1.6961
    1.7929
    1.8899
    1.9868
    2.0834
    2.1796
    2.2749
    2.3694
    2.4627
    2.5547
    2.6451
    2.7337
    2.8203
    2.9046
    2.9862
    3.0653
    3.1413
    3.2142
    3.2838
    3.3497
    3.4118
    3.4700
    3.5240
    3.5737
    3.6189
    3.6593
    3.6952
    3.7260
    3.7520
    3.7728
    3.7885
    3.7989
    3.8042
    3.8042
    3.7989
    3.7885
    3.7728
    3.7520
    3.7260
    3.6952
    3.6593
    3.6189
    3.5737
    3.5240
    3.4700
    3.4118
    3.3497
    3.2838
    3.2142
    3.1413
    3.0653
    2.9862
    2.9046
    2.8203
    2.7337
    2.6451
    2.5547
    2.4627
    2.3694
    2.2749
    2.1796
    2.0834
    1.9868
    1.8899
    1.7929
    1.6961
    1.5996
    1.5037
    1.4084
    1.3141
    1.2207
    1.1286
    1.0378
    0.9486
    0.8609
    0.7751
    0.6912
    0.6093
    0.5296
    0.4522
    0.3770
    0.3043
    0.2342
    0.1667
    0.1017
    0.0395
   -0.0200
   -0.0765
   -0.1303
   -0.1811
   -0.2290
   -0.2741
   -0.3163
   -0.3555
   -0.3919
   -0.4251
   -0.4558
   -0.4833
   -0.5082
   -0.5302
   -0.5496
   -0.5662
   -0.5803
   -0.5918
   -0.6007
   -0.6072
   -0.6115
   -0.6134
   -0.6132
   -0.6110
   -0.6065
   -0.6003
   -0.5924
   -0.5825
   -0.5711
   -0.5582
   -0.5440
   -0.5284
   -0.5115
   -0.4938
   -0.4748
   -0.4550
   -0.4345
   -0.4131
   -0.3913
   -0.3691
   -0.3462
   -0.3234
   -0.3001
   -0.2768
   -0.2533
   -0.2300
   -0.2067
   -0.1838
   -0.1610
   -0.1387
   -0.1166
   -0.0951
   -0.0741
   -0.0538
   -0.0339
   -0.0149
    0.0035
    0.0211
    0.0380
    0.0539
    0.0691
    0.0834
    0.0969
    0.1093
    0.1209
    0.1317
    0.1416
    0.1504
    0.1584
    0.1654
    0.1717
    0.1770
    0.1814
    0.1850
    0.1878
    0.1899
    0.1911
    0.1916
    0.1914
    0.1905
    0.1889
    0.1868
    0.1840
    0.1807
    0.1769
    0.1726
    0.1678
    0.1627
    0.1573
    0.1516
    0.1454
    0.1390
    0.1325
    0.1258
    0.1188
    0.1119
    0.1048
    0.0976
    0.0905
    0.0834
    0.0763
    0.0691
    0.0621
    0.0553
    0.0486
    0.0420
    0.0355
    0.0295
    0.0233
    0.0177
    0.0120
    0.0067
    0.0016
   -0.0033
   -0.0078
   -0.0121
   -0.0161
   -0.0199
   -0.0233
   -0.0266
   -0.0295
   -0.0322
   -0.0346
   -0.0367
   -0.0386
   -0.0402
   -0.0417
   -0.0429
   -0.0438
   -0.0446
   -0.0451
   -0.0454
   -0.0455
   -0.0455
   -0.0453
   -0.0450
   -0.0446
   -0.0439
   -0.0432
   -0.0423
   -0.0413
   -0.0403
   -0.0391
   -0.0381
   -0.0367
   -0.0354
   -0.0340
   -0.0328
   -0.0314
   -0.0299
   -0.0283
   -0.0268
   -0.0253
   -0.0239
   -0.0224
   -0.0210
   -0.0195
   -0.0181
   -0.0166
   -0.0152
   -0.0138
   -0.0124
   -0.0112
   -0.0098
   -0.0085
   -0.0071
   -0.0059
   -0.0046
   -0.0035
   -0.0022
   -0.0012
         0];

 
 
